0.9018017331627175	5.974004133046255	1.0
1.1516264709972366	-2.658671437041367	1.0
0.9389809215403265	-2.3504866196704035	1.0
0.46001452810038956	-0.5551027299102651	0.0
2.4533292838005547	0.7672533753645143	0.0
1.2034842858915578	-2.500633994602856	1.0
0.24368047641565588	-0.3481095674037207	0.0
0.4532608126120217	-0.06197092194607012	0.0
1.4214386011096645	-2.0255612766154516	1.0
0.5761058976561358	-0.18308326985383683	0.0
0.45597294629410856	0.6697579706225794	0.0
0.8100977615577918	6.248820633617743	1.0
1.4457546030641857	6.360687410927605	1.0
0.45895665420006626	0.32525273754044187	0.0
1.9688893146219923	5.896333990235094	1.0
2.5251468867303872	3.009406157856374	0.0
0.7780212641013492	-2.037660623604731	1.0
2.199220051720891	6.21031299974151	1.0
2.3965133369379914	2.6563574890795	0.0
0.787767712201915	-2.254751891982274	1.0
2.430864373172397	1.461914864024978	0.0
0.6278400427169619	-1.2270559567934782	0.0
2.430448131847595	1.663364342451673	0.0
0.6029498785215543	1.9040389786855618	0.0
0.5063191664788904	5.990770580200067	1.0
2.54593617072955	3.651293423534458	0.0
0.9295348541168607	-2.3432769939320908	1.0
0.4818050757917895	0.39140192657765455	0.0
0.6163206229544376	1.419978077828706	0.0
1.2841204017312546	6.063439831326498	1.0
0.7026279358455875	2.1547369103995084	0.0
0.5747422680676293	-2.5985676597338974	1.0
1.0951058393724062	-2.3559054232268686	1.0
2.501712568958499	5.379910059377639	0.0
1.7827627939976523	-2.1275266798003107	1.0
0.2930269496771758	-2.3608943290379836	1.0
1.6668855264451627	5.561260755473042	1.0
1.24701694784284	6.155131393987026	1.0
0.43750174227978433	2.0146840461627935	0.0
2.1044014246126577	5.765413459198863	1.0
0.9620682815446954	6.468197266712048	1.0
2.469025497803861	1.9998296065850343	0.0
0.4052695723074512	0.10645981954068567	0.0
2.5213378604829844	3.7932546633521356	0.0
1.100088413567654	6.007285754400396	1.0
0.3743462048523751	1.994974010598601	0.0
2.4901460465922414	2.9018730989258756	0.0
0.5294133427711134	6.050538991659648	1.0
1.9297002503070764	5.612973510074397	1.0
2.466586468758623	2.500161118052028	0.0
0.3035190574935741	-0.4209546441487646	0.0
2.564345614293359	3.031291278541463	0.0
0.9729475389918933	6.00899398338591	1.0
0.9443908610618108	-2.195543198854545	1.0
2.538225992813513	4.26062601717919	0.0
0.660452152739272	0.7019732393889816	0.0
1.2764490508807393	-2.25599604893876	1.0
1.0424750485461187	-2.054362268933996	1.0
2.5334251038184856	1.115906069124969	0.0
1.005213113348935	5.871064975085686	1.0
0.5260907725274722	0.44519383376847843	0.0
0.43901369688979514	1.4095254302212084	0.0
2.4915453442680926	2.685251735292635	0.0
2.537847023926725	1.4168015629095054	0.0
2.4258804496482727	6.44498934944852	1.0
1.3142917489306734	6.032364631664341	1.0
2.53015700937816	1.0654539317015677	0.0
1.340606360608179	6.41590697813691	1.0
2.4191796246190043	5.206720502675793	0.0
2.51023431042138	0.6433620935782496	0.0
0.47599729363085513	1.3907681990352525	0.0
0.5428165795374978	-0.24348676938899871	0.0
1.239200212527475	-2.2156837941398115	1.0
0.3419146591660155	0.7161958722252012	0.0
2.5315078221352483	6.465608716632269	1.0
0.6403051053665446	-0.5854328191471265	0.0
1.8670613066183557	5.89043568979172	1.0
1.4294308957775632	5.934960246386627	1.0
2.5620265557251405	2.934467496196874	0.0
-0.1354336357782382	-2.041322590201119	1.0
0.25862205068476435	-1.0590690733932135	0.0
0.2786766454782953	-2.0422480540926307	1.0
0.009296130021214433	-1.8177941474751171	1.0
2.1671508689301597	5.886047684368751	1.0
1.2262604864994247	-2.12996004165619	1.0
2.2925233534210037	6.3302509829797105	1.0
0.541671051169272	0.99895825795792	0.0
1.582132347641292	6.1139224596785695	1.0
2.0404497442925473	6.14775269290274	1.0
2.5528296860497233	5.55999031645282	0.0
0.31674474521675433	0.10884618058974488	0.0
1.3516316843422091	-1.9152726880651483	1.0
0.3478717623981096	0.14800752141787027	0.0
2.126956667270638	5.530004524576755	1.0
2.459949115385223	3.305273545129103	0.0
1.119567311482212	6.035072572659203	1.0
1.7889930632433826	-2.111353054319766	1.0
1.2302124511826307	5.939175487008585	1.0
2.5935508107176193	0.8267379104266572	0.0
1.3691721744283096	6.06974722382081	1.0
1.0992128806265387	6.160317758758244	1.0
1.1345522171065032	-2.2247044103819653	1.0
2.491190419121912	-0.6335754285828838	0.0
2.464520545509632	1.8783114211097178	0.0
0.5661404183616362	-0.6043267583886727	0.0
1.49356395256037	5.928692959895096	1.0
2.0172955719898127	-2.4325590382958544	1.0
1.6700348461268602	6.265359628564036	1.0
0.5548746253316758	-0.674917958807604	0.0
2.565380890901226	2.371081666248652	0.0
2.4883614712736737	3.3528989861871588	0.0
2.466730162169354	-0.23036000890564523	0.0
1.2207818855887023	-1.6565340757114	1.0
0.5321132575528373	-2.0777903032019878	1.0
1.0361398519407086	5.832106155695116	1.0
0.4759928499133158	0.0016787635207469176	0.0
0.8385737340441999	-0.2579438900591815	0.0
2.954203507250183	5.822663575253046	1.0
2.4211195031598076	-0.6336818935637631	0.0
2.482338252987106	0.9268878528815248	0.0
2.6531338889109986	2.804556588362432	0.0
0.7326805762019317	6.155197291444953	1.0
2.5509871122055356	4.3116002210610915	0.0
1.362848483118025	-2.4948449135547843	1.0
2.438470477784386	3.8593332618767997	0.0
2.3693507732683314	1.1847424868796488	0.0
0.42797217312718283	0.9424748725744589	0.0
0.7008285897887925	-1.9581994657403956	1.0
1.5884594933964582	5.812905825194935	1.0
0.7545381318387058	-1.5409181097513325	0.0
1.0848613562697504	-1.6592871197555414	1.0
2.466146331356637	2.0741209766962627	0.0
0.9381718118182645	-2.3688294762398314	1.0
0.23975485615713632	6.150467438540985	1.0
1.6186523817916254	5.813855265943409	1.0
0.5966027790814701	-1.8791406821489918	1.0
1.5796825581121476	6.071636218636048	1.0
1.2050548829998469	5.552469408568215	1.0
2.114283794529941	5.940774999609671	1.0
0.2720762757867737	1.2893265017545166	0.0
0.897374905377827	-2.154995923971917	1.0
1.362045570479708	6.196949525517563	1.0
2.5530781068465735	2.4229951033105306	0.0
0.006796629723215153	-2.3562038816702597	1.0
2.3626187438417707	4.4484399996141395	0.0
0.5179317121264143	0.7609198598081615	0.0
0.630918082952938	-0.02546018405552586	0.0
0.5209062660209476	-2.348887198121729	1.0
1.6316195256384292	6.415547469736921	1.0
0.9213384220664034	6.612610565297127	1.0
2.6740289324811988	2.971703366722285	0.0
0.5318421587848459	1.157702895390985	0.0
2.370164449152494	-0.38649871096176547	0.0
1.802037831031078	-2.3539887487788493	1.0
0.3936945575860824	6.128658970178714	1.0
1.457200289214443	6.037157921738252	1.0
2.4758836330996727	5.910420078075807	1.0
1.9398485704048778	5.784509466162315	1.0
0.31622616107687096	1.1675216208301646	0.0
2.4616202626592116	1.0382478861550564	0.0
2.5052915473000805	0.547715019250544	0.0
1.4734352618248276	-2.0865018793206014	1.0
0.4805555400430611	1.2477939013196018	0.0
1.5013199161714026	5.4862671516856425	1.0
1.3088831437977342	-2.7073917788402873	1.0
1.2989925909402182	5.905211249208126	1.0
2.5221702470342873	5.417221925526846	0.0
2.481976836896451	1.3320904814447967	0.0
2.5028770518253047	2.994271387802553	0.0
0.27587669521759806	1.158570059678834	0.0
0.9225536507887964	-1.660713901983463	1.0
2.6250013816965567	-0.34249936774620604	0.0
2.567514780340566	2.864493509529024	0.0
0.9720294177901309	-2.185378572559358	1.0
1.4888118555463528	-2.217011303919957	1.0
0.827837159114745	1.7987598106475133	0.0
0.31922617288134714	1.073204134905028	0.0
2.551513399574528	0.057824587086874324	0.0
0.5804719552809516	1.9501516453868333	0.0
0.6987521202666165	-1.2236795899275053	0.0
0.3137587771452353	0.7117775118886255	0.0
0.9245491866102014	-1.8626824549510446	1.0
1.398936451834053	6.1336703511080435	1.0
2.5017526736613855	-0.13241985783755128	0.0
1.6519555691247363	6.083997402685639	1.0
0.6569093814922944	6.132733088561254	1.0
2.5643497263022086	1.5540152826836446	0.0
2.4500882463864	1.8895417252114397	0.0
1.0292405008395924	-2.162554343428619	1.0
1.2863708046368454	-1.9733067749213589	1.0
2.4213986692232585	1.8098637175435857	0.0
1.0264878722470823	6.612297918525125	1.0
0.6848486949966677	-0.029533954973907095	0.0
0.4160244036496188	1.0120188599635802	0.0
2.49355994207572	0.24536158917542705	0.0
1.4325941471567545	6.382514115896535	1.0
0.11633646772294715	-1.8486740080882407	1.0
1.1109850402713666	-2.287215518319072	1.0
1.7739003196556973	-2.368769312326953	1.0
0.8634990682821777	-2.4107467463159784	1.0
0.7553838459307993	5.885779188250553	1.0
0.4952102434269992	0.34163397433659715	0.0
0.2580647232556135	-0.8270908507123074	0.0
2.5006682992748464	-2.304510871643994	1.0
2.3801894810030553	2.734219615902922	0.0
2.4733698877125496	6.068866874401571	1.0
0.2612657161761891	-2.1734848824647637	1.0
2.502065276802163	1.3110606523826316	0.0
0.4223352951062065	5.936503111137024	1.0
0.47276962926670063	-0.5429964251180059	0.0
0.9017223537880192	-0.7773523904214823	0.0
0.6214053574976451	0.23179357678722556	0.0
0.47703166188876556	-1.290062642822249	0.0
0.7120451278932594	-0.20255687905047437	0.0
1.316757873691677	5.929146103453884	1.0
1.7997626560310225	5.755404989779407	1.0
0.33772896402436436	-1.0916019286165977	0.0
0.8565844990984104	-2.359875828082059	1.0
0.359815392673587	-2.272692760810594	1.0
1.6073105764684685	5.991098500363482	1.0
0.2990863714322062	-2.4906295140119554	1.0
1.2466822934624173	-2.356242620275569	1.0
1.8110503368116229	-1.7842635340850925	1.0
1.069100777822544	-1.9962904409164803	1.0
0.7632743515934837	0.3196920361193828	0.0
0.528110684661146	1.2960753153350217	0.0
2.448310846158547	2.331261515685494	0.0
0.45928977789767333	0.570008533461928	0.0
0.4497527309897733	-2.1328839072744925	1.0
0.31521214161168776	1.2232260754188342	0.0
2.544666051553722	0.9317567829904305	0.0
0.7815098144890507	-1.0447976351131523	0.0
1.7026701266993745	-2.4063738684486022	1.0
1.7915840604671325	-2.5602920669194282	1.0
0.4748474216031392	-0.9402317468505295	0.0
1.8773459988461936	5.960520413861053	1.0
2.5411827087393792	3.01662619797549	0.0
1.5978610237340016	6.219477258412601	1.0
0.6007864909895833	-1.9544847518297568	1.0
1.6184618552252914	6.111667282194146	1.0
0.5976456211110389	-1.8112143888023684	1.0
2.520584105509958	3.1131315727565485	0.0
2.457396372798034	1.4046438533911898	0.0
1.5078467531446975	5.6857933015364654	1.0
1.1163623972673573	-1.9988567507381454	1.0
0.46728673324355396	5.839169749741606	1.0
0.8152712738013315	6.093455311579797	1.0
2.2460135612495025	6.171135566066357	1.0
1.2074955434136507	-2.4294641498402427	1.0
0.5312056973116708	1.7912022590367012	0.0
0.2576568744990363	0.03665114605866576	0.0
2.338934617851864	-2.2177255357122565	1.0
1.5812951238570707	-2.261671701169399	1.0
2.489683428101083	1.194162288914664	0.0
0.743564801601134	0.4131578563827191	0.0
1.5245152313105792	-2.291561140283524	1.0
2.4166250925783026	0.4484990481263713	0.0
1.168657224534102	6.063030210304151	1.0
0.6532028547590117	0.6690870669570386	0.0
1.3484129387884733	-2.204045568864761	1.0
1.1322915451327618	6.109010914441437	1.0
0.7495789254349763	0.44451163372468366	0.0
1.16248968461627	5.939067651796794	1.0
0.9610665599612104	-2.193283509243722	1.0
0.8023152804956758	-2.2503753374905773	1.0
2.473966538036587	1.6987348205861277	0.0
2.661339643258027	-0.1372735970861636	0.0
2.4912306290746202	6.141245211700324	1.0
2.531128962607597	2.9149426167621826	0.0
2.582662702531546	0.910700010631684	0.0
2.5394639720174483	2.5636297694746544	0.0
0.4464660918951723	0.3949998300510062	0.0
1.573466470053082	-2.12082515300167	1.0
2.5808994184830634	2.6158883253736804	0.0
0.5008899562371152	0.8783951107180776	0.0
0.14770595033882739	-2.110201074336831	1.0
2.459486692229209	1.1624980257312898	0.0
2.4818679788023905	2.438995662206774	0.0
0.7016533183488038	1.1084040978831917	0.0
0.6381011019921892	-2.26623020277109	1.0
0.4973291666632985	-2.5129011813164572	1.0
2.527484204688668	5.223786143559968	0.0
0.9902739400988857	-1.8747462805656276	1.0
0.6722199092799698	1.0623226010629403	0.0
0.3419621978168337	-2.833328106038904	1.0
0.5082051064397578	1.4967846668943374	0.0
0.9895551851607551	-1.76197195438796	1.0
0.5699792143903696	-2.4509159865258905	1.0
1.4506663674379778	6.12131595922997	1.0
2.4104371555404858	5.800509951546987	1.0
2.4126139709798506	2.5733969150165437	0.0
1.4085840735606276	-2.3251763260469476	1.0
0.4146026888042379	1.067239724332616	0.0
0.39992939620666373	0.3260434851861588	0.0
0.34794979368176204	0.32738972413369183	0.0
2.4782091127039974	1.7714835656147312	0.0
0.7142129136564552	-2.2339974981293023	1.0
0.2769023320233036	-1.8763151148027237	1.0
0.7206954447729867	-2.49832468611812	1.0
1.2079677489684357	6.10512017295411	1.0
2.4589385235484604	5.544434901572975	0.0
2.5239705969174855	0.8556191499979879	0.0
0.40522951948669816	-0.31038430341130563	0.0
0.49178218885026764	-0.6322093139191307	0.0
1.4244961230336024	6.295127724530316	1.0
0.7273745062253304	-1.1723766274112135	0.0
1.142880888814634	6.055577585572499	1.0
2.5502628916499788	2.7489332900519345	0.0
0.38407636040431764	1.2449836234403717	0.0
0.5267462989793585	5.521197384708934	1.0
0.4689368710107827	-0.252959550404408	0.0
2.42943170931939	4.238524929590678	0.0
0.608113116896305	-2.4056794973499582	1.0
2.496384873949372	4.329661979795604	0.0
2.51623792723943	3.3909318212132185	0.0
1.5996098066595108	6.3301039474095475	1.0
2.462608782877572	4.50308860109514	0.0
1.4945397149762116	6.191941144446617	1.0
2.6423723384904028	1.8086070961924412	0.0
1.258476429174055	-2.2542514727820775	1.0
0.24615958017347206	0.7690065556358816	0.0
2.5774342661998855	5.50878935444288	1.0
0.508965417025679	-0.5945639869766703	0.0
0.41977486486207205	0.6403798687587519	0.0
0.6670064114532062	-1.9548848435503783	1.0
1.3404592405167377	6.091471032942932	1.0
0.5032354841488098	1.3583796654745055	0.0
0.5756217962937219	0.9383384325393195	0.0
2.265140561839949	6.011676438450926	1.0
0.43596470984300373	0.5145835228659376	0.0
0.5718710493955368	6.245087157129317	1.0
1.2843311200501866	-2.037984094025544	1.0
0.8612252501303719	-2.367285675489476	1.0
1.9553105807888616	5.6538065198387955	1.0
0.3930460563139945	1.4595430399366403	0.0
0.6380196316871001	-1.7963809975890666	1.0
1.709681854313311	5.776310085005809	1.0
0.36325336551638276	1.378056756805433	0.0
0.3025566101131466	1.5196136518753731	0.0
0.34959437716741393	0.34865717537509855	0.0
2.517885314389811	2.8773502464295366	0.0
0.39477326371139165	-0.05122652366793079	0.0
1.914784209454142	5.767532782288545	1.0
1.099275547438372	6.408664765070577	1.0
2.4490562974329606	2.710097224003292	0.0
2.567372070090179	2.6814903242122075	0.0
0.8102070896069944	6.031280033611643	1.0
0.4973762408526104	-1.079435068924299	0.0
0.4909450976260345	1.2379649601178506	0.0
1.1143754278003832	-2.295535028952803	1.0
0.34044488738698264	-2.225880244075419	1.0
0.4112750391527479	0.5352353761901723	0.0
2.435211307029824	5.275405224486764	0.0
0.48002146570254867	-0.39640670193625716	0.0
0.6156410002914718	5.6438925648098355	1.0
2.4442127612826976	1.240757608811153	0.0
0.6890577017548584	0.6097613938863424	0.0
2.499287527106709	3.6838878409880227	0.0
1.7759417585172361	5.745790296272446	1.0
1.7927720854417	6.101359806550268	1.0
2.537579780668929	2.2334312097672218	0.0
2.543083295915117	4.650412196182416	0.0
2.442398790956793	3.257592268025862	0.0
1.2714655071544516	6.1670786664866055	1.0
2.5339364324718026	1.9332313469026836	0.0
0.6546046711442884	-2.609188127905583	1.0
0.37534186126655583	-0.2489795580570996	0.0
1.6845487759559623	5.561128577261154	1.0
0.5171616425781251	-0.07599488080564254	0.0
0.5050587005843874	0.07062071971863754	0.0
1.352090376405109	-2.569963784364897	1.0
0.7345762656093691	-1.9833892701528193	1.0
2.4698479425529736	2.378828205499028	0.0
2.150592346360875	5.923092487563496	1.0
0.39508235202201947	2.086750907950649	0.0
0.5662763971710518	1.719482238433204	0.0
2.5449108913018583	5.481556767853098	0.0
2.4478731077984293	2.948886484616825	0.0
0.5047199109203444	0.29667896423961526	0.0
1.5823615331506795	-2.0970794725953152	1.0
1.5880497046343751	-2.009354894523341	1.0
0.553642895867323	-2.04920331325014	1.0
2.4707807344380046	1.2266516849772575	0.0
0.4737152236589781	0.18362172307196967	0.0
1.8194756886923606	-2.263856069233569	1.0
0.6073830786464662	-2.4446056924321793	1.0
1.2340825837201688	-2.0323609873695694	1.0
1.673716690344546	-2.2954627741527083	1.0
0.4387385632101576	0.785799669903896	0.0
0.5815839538514369	2.078522332750599	0.0
2.4561521699327136	1.2152714161986646	0.0
0.4811964271709912	-1.0814146822294055	0.0
1.7294971128247707	6.32422658856505	1.0
1.9017928991540298	6.038761795855348	1.0
-0.14320731257058705	-2.1034336888317298	1.0
1.9226378377341173	5.706675624802721	1.0
0.3901280052601766	-1.1702288499730518	0.0
1.263269366083859	-2.389331812697969	1.0
2.5163569660534852	3.0840985510132066	0.0
1.0781521418642026	5.848766342046731	1.0
1.0153959455010877	5.833457625646615	1.0
2.5719793375877322	1.5928832098733001	0.0
1.3956983374913645	6.0215260930693635	1.0
0.4359356762571077	0.048553047232288093	0.0
0.46810478244674314	1.2579542718224561	0.0
0.6180194676338056	0.5160202841131526	0.0
1.1778383594807653	-2.667122919970134	1.0
0.4586999152023563	1.2345859567602613	0.0
2.5438570585108806	0.8054922089895742	0.0
1.6413798750092465	5.858965719063286	1.0
0.873059727725693	-2.445080895890017	1.0
0.398484365301888	-2.436614315680851	1.0
0.38447678173920596	-0.6941461134144888	0.0
1.3234687338718423	-2.3628312256919943	1.0
1.8196340308396546	6.261020248434907	1.0
2.566088268514403	4.693602920814954	0.0
0.38937598645942817	0.7156773361159985	0.0
0.23047416227413575	-2.26321843600758	1.0
2.5264650570127416	2.7610724472098944	0.0
0.9713992399586027	-2.1541264516654204	1.0
2.479012686404988	2.3192248008628535	0.0
0.5640097135085393	-2.297414243529992	1.0
0.5432156005364588	-2.154101355240386	1.0
2.731333431488265	5.879236621548303	1.0
0.6456355054184255	0.8231246495287348	0.0
1.6130521658463768	-2.1541432368251656	1.0
1.5310482738005975	5.9019001414997	1.0
0.11088889074620512	6.276454207620115	1.0
2.5256787431905905	4.555027667001767	0.0
1.756564373415698	5.94098891054602	1.0
2.544852238663367	3.7193604582983277	0.0
0.7387486034785531	-2.1152992545252425	1.0
2.5363228501983	1.5364415944857805	0.0
1.2365777101399567	-2.206619326433054	1.0
1.832306090324903	-2.621961135428135	1.0
0.6866767072729449	-2.1236630276966006	1.0
2.463792928138815	3.4556724161862014	0.0
2.4952172375108295	1.1687069656845535	0.0
2.424346575398284	2.491110174015901	0.0
2.570065728091093	0.9916282642134462	0.0
2.63080908600794	3.341473455704237	0.0
0.36945160542149535	0.4973188573762775	0.0
2.894401433004714	-2.5201073612270144	1.0
0.9232205193490977	-2.036580776020224	1.0
1.1788536813035366	-2.1092305229024433	1.0
1.2129057978537947	6.001664781930216	1.0
2.4340751249561485	1.5174054049101642	0.0
0.29745897199423044	0.2796093789840176	0.0
2.5279185861102538	3.450852461060833	0.0
1.0444643111886402	-2.2411613998938704	1.0
2.491437040139178	0.5484788429157534	0.0
0.5424421288300613	1.378266811544197	0.0
1.1246353116626095	6.427143879539099	1.0
0.9758561162908794	-2.287127081281183	1.0
0.46261047109862335	-0.531891911071537	0.0
1.292798110959911	6.176137244366421	1.0
2.4760856430223668	1.245573705891736	0.0
1.1948368408661947	5.781584233702073	1.0
0.6201519982749073	-0.9177538843450663	0.0
1.2008526839731404	-1.998459637067758	1.0
1.227016132588062	-2.4617810159107427	1.0
0.5327209051442289	-2.484369895152584	1.0
0.7192427287168417	5.916569753788182	1.0
2.448118042709666	2.700761157980962	0.0
1.47974850118909	6.205663677509612	1.0
0.5707112088985519	-0.1379634064856189	0.0
0.4577086233235359	2.560302945112307	0.0
1.7092593547928594	-2.114747587766324	1.0
2.442249882237749	0.4730133288173519	0.0
1.70471839393838	6.14905624096788	1.0
1.0224802014848835	6.404937777610213	1.0
2.4304394205883724	1.7620744729316542	0.0
0.7574086796625714	0.7240841974185108	0.0
-0.33265535099011556	-2.311699614972358	1.0
0.716451671039229	-2.461909631915407	1.0
1.3838272681306034	5.754632492242443	1.0
2.5754212901631734	3.843709119408704	0.0
0.7077084185716851	0.22670943801755794	0.0
1.5907715899485495	5.993985296140757	1.0
1.204381877666293	6.138632925460428	1.0
0.21581952114504155	-2.785492262827783	1.0
0.6899022641920511	-0.6761022182580436	0.0
0.9822592408866089	5.9834145460040995	1.0
0.6668299708040185	6.134767209260303	1.0
0.5569506761600885	0.3737886664162095	0.0
1.2358088650509444	-2.0566120206378393	1.0
1.2545301313722614	5.9281502791752905	1.0
2.500810582202542	4.3695959604714485	0.0
1.0407709715519886	-2.0150478250627555	1.0
1.6183851276481667	5.36474525379744	1.0
1.358243424646736	-1.8041681114998296	1.0
1.6475107560223883	6.186597683652145	1.0
0.8313257081827562	-2.0620738809323194	1.0
0.9871171950585865	5.747156010293112	1.0
2.503645230108683	3.4910539179930176	0.0
1.0174183572162772	-1.8284206538526924	1.0
0.7567721458275463	1.4403973617804766	0.0
1.8292182812940365	5.882329184148416	1.0
1.8776602633177608	5.534001169112619	1.0
2.471379697895944	3.6241130240337256	0.0
0.4445174301202206	6.620204032178627	1.0
1.3181015239971736	5.771559365468881	1.0
0.6415876128716024	0.43078221850218734	0.0
2.604422070097831	2.1832638817769094	0.0
2.6372011336686385	6.095331248665789	1.0
0.6317198341862107	-2.375598221797804	1.0
1.1093731592493268	5.689013382949281	1.0
0.30935902377110003	-0.25703501849830923	0.0
1.9784466968824466	6.01599330398861	1.0
2.547183105401294	3.9807764949328037	0.0
0.2604454399048603	1.0410936111500173	0.0
0.9918294282984057	-2.2572933366215806	1.0
0.7444634133224812	-1.9790058262126824	1.0
1.8566179051875382	6.289244572201699	1.0
2.0187434564752915	6.365857879210568	1.0
2.4558311175550753	3.373266756280332	0.0
2.516533418861095	4.919591256934047	0.0
2.534355339263142	4.069287516533331	0.0
1.794423892745139	6.009861527419193	1.0
2.4419664705062205	3.1483099154625087	0.0
0.5653268064383772	1.9689718964480007	0.0
2.539352478769975	-1.080524694689751	0.0
0.4960768981480729	1.4777215202685965	0.0
2.552980798711842	0.9747805326885703	0.0
0.5323499605389231	1.2335987317714894	0.0
1.4072881771228116	6.159966892463926	1.0
1.6026779902683326	-1.768901368887224	1.0
1.4678807895744614	-2.1705061388327884	1.0
0.6233675323000291	-0.507135903709663	0.0
0.4662971471373027	0.5153067328460876	0.0
0.6442797045508729	-1.9515246096229895	1.0
0.6647376351365635	-2.405878830201571	1.0
2.1305290923047338	6.431733770684438	1.0
2.5841292658905854	1.450493220665491	0.0
2.4728916218885635	4.178338832163143	0.0
2.6313029775995673	3.397091370723736	0.0
2.4778104302356976	3.3962636584674244	0.0
1.0052910981203913	-2.1838330148138243	1.0
2.5796455981738196	0.91621431495375	0.0
0.6225050525093366	0.6413763828073916	0.0
2.5298110867327255	5.20263151783972	0.0
0.5614241514894542	1.1909004215389345	0.0
1.9249231549621486	-2.061434548275253	1.0
2.54954099635931	4.034778498372617	0.0
0.5508360982262548	-0.5996089193458851	0.0
2.5352796947812752	4.054185049532481	0.0
0.6667271000473511	-0.6803358388552496	0.0
0.9691734243731933	6.534078943057437	1.0
2.551532292338145	2.6337064421972967	0.0
1.0023742601055992	-2.1675126680220034	1.0
1.467366901909538	5.591264926515197	1.0
0.5519601326180327	0.24347558613486642	0.0
0.9538669674633419	6.00743206982927	1.0
1.954814552482485	-2.051729960760921	1.0
2.0482963734045243	6.112474526128023	1.0
0.4766270357644905	-0.14837937538308787	0.0
1.6342464626982238	-2.1502737041395004	1.0
0.4454303565498872	-0.0895457059460395	0.0
0.9376078240378012	-2.4349245486162014	1.0
0.3140497031385312	-1.7978842536245463	1.0
2.5677234791433348	4.275361846163692	0.0
0.4600648370215892	0.4049260623495156	0.0
0.43608958529421143	0.06295321122155212	0.0
2.454121764783901	1.280763304269442	0.0
0.2655860451787187	-0.033500790122166335	0.0
2.5298977195160908	3.6501811684132432	0.0
1.1326035283945908	6.454216893294206	1.0
1.1342188973294318	-2.0992650493458096	1.0
1.7184862367798868	5.952239204680859	1.0
0.6509604182973692	1.5902016964740828	0.0
0.7289197624088013	1.048085943047587	0.0
0.7835025742577933	-2.0501680694945716	1.0
1.2002711026515405	-2.403128334709335	1.0
1.1331804334368398	6.15959902673714	1.0
0.6900905166254806	6.23250898661674	1.0
0.8273366836150924	-2.6019579729420066	0.0
0.9357957570835954	-1.9584614642991138	1.0
2.6191637234122958	4.9165423581881775	0.0
2.57184417525093	5.695432247479202	1.0
0.3760591141779312	-0.430601302048749	0.0
0.5951570303875761	0.5485530281240262	0.0
0.4510495707958793	1.3173929272655056	0.0
0.8608543999347587	6.1963595184159965	1.0
0.5912383293999526	-2.5106251834187914	1.0
2.5872693291379045	5.273799768468537	0.0
2.475877688709743	2.859195830408527	0.0
0.3105665911709016	-0.09584060166244701	0.0
0.45902499001821284	0.9229170890031801	0.0
0.44717772064342354	-2.4127786273304968	1.0
0.5448205993033677	1.009651152160976	0.0
0.5227630536454919	2.054772776100451	0.0
2.4282133064914664	1.5616374402876605	0.0
2.5800141604442692	1.486781648396172	0.0
0.6289694721546784	0.28200059990048154	0.0
2.563004957455974	5.356699618843082	0.0
2.5202157859710907	5.716384705459622	0.0
0.5278316437963381	0.30273934774642536	0.0
2.446057709938667	2.03142735872394	0.0
1.4361950474745475	5.614969208459986	1.0
0.6491727113188047	-2.0251282020629326	1.0
2.456051709439221	3.973457042044518	0.0
2.542411957631848	4.170964381183234	0.0
0.35762663800315186	-2.007619514639412	1.0
1.8953428895947098	6.722395491198494	1.0
0.40596822723606046	3.2340078437226287	0.0
0.5376643855289426	-0.20372100283498784	0.0
0.5689193969469106	1.2562862987398642	0.0
2.451062626491962	4.682539406338599	0.0
0.9211727120182023	-1.796858414172145	1.0
1.1057308719310837	-1.9905042305736962	1.0
1.1472340472117435	6.006706425759719	1.0
1.4749400440283316	-1.5742295433547864	1.0
1.201673902204882	6.104945056479404	1.0
2.3177418937936634	5.794947142401855	1.0
0.25484360773369485	-1.9912597107337588	1.0
2.3968125337729975	3.548218984010874	0.0
1.1047167272095508	5.914719064201136	1.0
0.5125934899612252	0.1015494896202988	0.0
2.458745700782712	0.07341611368322898	0.0
0.7599218881771305	5.5414491328116195	1.0
1.084642316201366	-2.4109961822023513	1.0
1.517607775801415	6.126235562699618	1.0
0.37004842219308	1.0276441807712202	0.0
2.437058286866095	3.2699111076227156	0.0
0.6944331312195691	-1.9440157721106774	1.0
2.523542631599932	2.6444698718378703	0.0
-0.211657221359433	-1.9616829831382383	1.0
2.545927741000122	3.599692516713288	0.0
1.7923168984411426	6.0496036646879	1.0
1.5549623394691778	6.229341247169862	1.0
1.7133361083851226	6.003257269922893	1.0
2.5067746720938153	2.821739648997542	0.0
1.8065825356381935	-1.8158504523194556	1.0
2.435703435989443	2.3548884798146164	0.0
1.133396202055934	6.295751782779504	1.0
1.8920200704520005	5.800740130192234	1.0
0.22217522217982455	6.360299164124802	1.0
1.796949837138368	6.264845781191132	1.0
1.1639038993140622	5.8691561586277885	1.0
0.4483155849103151	0.9029275831844814	0.0
2.4781509441672784	3.791696621481855	0.0
0.11403278421625651	5.916237914149134	1.0
2.5705731777636163	1.620381920201992	0.0
0.6866409505247821	0.4440525164343371	0.0
0.3345816786687661	-2.670942428958241	1.0
2.4854663281703773	2.078694586690297	0.0
0.5548104914587976	1.032778847763221	0.0
1.1414087327625406	5.982298127074427	1.0
2.559783594391416	2.476178884273504	0.0
2.4417330371237487	2.86525665233918	0.0
2.369005123630913	0.9181569211479133	0.0
0.17507738101705517	-1.965158503464311	1.0
0.041056877617760446	-2.1993701056476223	1.0
0.68854754764598	5.690567099043455	1.0
2.5515468170227034	1.0408001208851567	0.0
0.6206687232166554	-2.1480920277716	1.0
0.9242787850457027	-2.4290221361219606	1.0
0.6545802880337896	0.6253939409555943	0.0
1.1877371372056071	5.8517750779003235	1.0
2.1592499872475583	5.942435973889149	1.0
2.504075828612804	2.597039842911372	0.0
0.36570490141686796	-2.0261349330996428	1.0
2.461734959746872	3.299871560907236	0.0
2.512954033911898	1.0644475256041164	0.0
0.28894701846809867	-2.057606388822237	1.0
2.0721650736874215	6.089807502831041	1.0
0.8368335325209921	6.099532102291285	1.0
1.8731904780684525	6.170027749184151	1.0
2.4441457687719335	6.329966332176975	0.0
1.8208411524115604	6.814999537873184	1.0
0.4843538738872581	1.4356783248133413	0.0
2.5038196257280587	2.950224216688661	0.0
1.077887074982371	-2.08592409136127	1.0
1.4336044483587231	6.208128593468855	1.0
1.3851457922459869	5.805780001285966	1.0
2.4819985902602073	2.7001810784420566	0.0
0.5448651989647573	-1.0210434673406503	0.0
2.4894359650419093	2.0617510660862597	0.0
0.48368227223248283	-2.265123216338951	1.0
0.564321184872844	0.06695777679794451	0.0
0.2400135749949983	1.0935378345627664	0.0
1.301923928940518	5.887251744950191	1.0
0.8240555488043473	-0.08426675940533135	0.0
1.469429119315388	-1.6102826347431347	1.0
1.1790267415436873	-1.7630943113891597	1.0
0.48327910897934817	0.6136718357463554	0.0
0.9725451521070642	-2.2725018389879392	1.0
0.5998295010220263	0.09704938843529415	0.0
0.2205940160953635	0.9351845269030434	0.0
2.5135673393248585	0.3217015048881122	0.0
2.4827553836349616	6.33974452793378	1.0
0.1738327334806793	5.479169194125956	1.0
2.4081354938530835	1.8983937948201872	0.0
0.44813524593964427	-0.8711375916189306	0.0
0.5663145222305719	0.8029794591470254	0.0
0.637687799705002	0.5450429347237579	0.0
0.3966651563364691	1.2220286872077681	0.0
0.5084916001775603	1.4040737037988706	0.0
1.0842647869819921	-1.8249287547314617	1.0
0.398894261460393	-1.8134614285495487	1.0
0.556670181609273	0.37973906144772007	0.0
2.022283122587596	-2.46015464913582	1.0
1.5268799013873715	6.007805870860523	1.0
2.4942457168281353	1.57454504308639	0.0
0.5726072262414436	1.4647346543152975	0.0
0.9852970437788046	-2.3825300495515864	1.0
2.4031772139185783	0.9604351062372927	0.0
2.410316754170366	3.9522733790091147	0.0
2.5349295650273973	0.5217873902372818	0.0
0.5578697266488853	0.33757845671215453	0.0
0.6653424253104513	-0.22494302917601916	0.0
0.45726008444983235	0.9447036596235419	0.0
0.3979848423549983	1.2478404852736058	0.0
1.022609046088163	6.097700860641266	1.0
2.4491445998347237	3.0344904639723618	0.0
0.6472496328973054	1.0183392886638154	0.0
1.9032272573279667	5.781140926577171	1.0
0.3265806164047145	0.12486565904756497	0.0
0.30220375698826896	-2.0370755984112257	1.0
2.5100027091625203	3.148099911454959	0.0
2.5399774736423675	3.302038883121728	0.0
0.285265957069175	-2.216459839406604	1.0
2.47703777565257	4.732358432150738	0.0
2.5033186481987277	2.7636796040936518	0.0
2.5170299982435167	4.062958597130299	0.0
2.4966876645673532	1.7368488684825159	0.0
2.188102678726272	5.659186361108686	1.0
0.45009232453043113	-1.0257312324046537	0.0
0.46786366180395444	-1.8713961351712363	1.0
1.128957423126534	-1.9244888721009974	1.0
2.406953222701231	2.3569511128240452	0.0
2.5399908347765634	0.08590311277303675	0.0
0.43251567637141847	1.5669542155175569	0.0
2.470063646737708	2.834851115623595	0.0
2.5728957604279747	6.461865770504662	1.0
0.8232051155531569	6.0409305028670905	1.0
1.1301946181717086	6.071889286878267	1.0
2.247602236339524	5.75396176576319	1.0
1.0832106783276105	-1.9995631889666827	1.0
0.5233493761604819	0.7988752421008558	0.0
1.5311277943143211	5.906294125432046	1.0
-0.33825987150892	-2.6394530418066893	1.0
0.5227490364848237	1.5864481613054666	0.0
2.4511700777391803	3.383287262535444	0.0
1.7212750290494672	5.89612082405352	1.0
2.4911251782643697	3.8371387998342494	0.0
1.3558180039108256	-2.1981292945522912	1.0
1.1299077034220475	5.961269673757758	1.0
2.2309950894424655	6.299003847339227	1.0
2.5341945294550277	2.2333227167473075	0.0
2.514551659708981	3.4407921967477932	0.0
2.5656149535807313	3.4088758623633115	0.0
2.1761263539708544	5.836444867982424	1.0
0.4641936266740742	0.8978887628620349	0.0
2.4461424313052493	1.8791286507646512	0.0
0.02270601809826278	-2.0407745111459956	1.0
2.491043974599319	2.862756882199029	0.0
0.45107637177093396	-1.7006204050580278	1.0
1.644156869929167	-1.7650395658281137	1.0
1.9351573961710407	5.665017550141309	1.0
0.31758989063914966	-2.2121250410755233	1.0
0.4887215208015142	0.012383561080986538	0.0
2.6399145936038386	3.236798565200092	0.0
0.7377851670081843	-2.2331602524404324	1.0
2.093439316516725	6.239141109112988	1.0
0.4894695937613079	1.527961736639463	0.0
0.3248830014510796	0.7671483046227049	0.0
0.40487401005461554	1.087947988156543	0.0
0.7122430048998283	-1.871925200059285	1.0
1.0204481917711756	-1.9005873882738433	1.0
0.7272392917140604	5.737345640161062	1.0
0.314704202202269	1.1685619047483051	0.0
0.660354771835878	0.3868024569905685	0.0
0.17317447123405527	-0.9150139332370995	0.0
2.550889106831926	5.1825492033155625	0.0
1.2968386245180747	-2.309374887734246	1.0
1.1103180147744187	-1.8549987899312028	1.0
1.5906917941339653	-2.1602865356460543	1.0
0.49639294598268857	-1.6916868569390557	1.0
2.901813087263897	6.224906624203185	1.0
2.555588342042509	2.6660278213139605	0.0
0.5513681956343082	1.088435932922575	0.0
0.2687924046672978	-0.6067908399042405	0.0
0.6315054735178997	0.7639784279690989	0.0
1.3637349128356737	6.123315845213865	1.0
2.4540479012091505	2.0930433566132867	0.0
0.32280932200456414	-0.9013795786950307	0.0
0.44874589470617376	1.2360763963264496	0.0
0.07300533852667601	-2.1214861203774196	1.0
2.53194402871261	3.4686785456637783	0.0
1.6013790102505485	-1.9278602324196088	1.0
1.5756977802447363	5.729259339755176	1.0
2.5669261155538075	0.6397742531933654	0.0
0.43437763497110926	-2.2413237978130134	1.0
2.43991700985661	2.8364731533722205	0.0
2.450971441003359	1.0093476911048487	0.0
2.4896818838821493	3.3194592607665903	0.0
0.2676170409788496	0.7029795933545833	0.0
2.506629165753619	5.907777446549143	1.0
1.1833048555381493	5.779101516659102	1.0
0.7011019129648655	0.705838517144624	0.0
0.4825657871829102	-1.8756747487615817	1.0
2.5178423441410747	2.6868713408430387	0.0
0.53094629045199	-1.153701550871037	0.0
0.1871964456625277	-2.376595554009672	1.0
0.6810072543998157	4.340476126135863	0.0
0.44637711499099997	-2.289832881579946	1.0
0.6978906640169994	5.900540544591433	1.0
1.9847095771249688	5.858202616013139	1.0
1.1243418726744407	5.753319132848958	1.0
2.4110284076774073	6.190192281898883	1.0
2.51028035030343	1.902900889811722	0.0
2.455290576357046	0.8137673344169041	0.0
2.4222044174935573	2.330713313375263	0.0
1.0478559375977246	5.411517415675297	1.0
1.322355554758005	6.1755115748778655	1.0
0.5059733696067127	-1.7156132566366944	1.0
0.04034279136436347	-1.8789356644845865	1.0
0.4136360466037159	-2.2577719076454237	1.0
2.5922828582734105	1.9670334733231674	0.0
0.5242697390164591	0.39348462727493966	0.0
2.5451081145616685	1.3183426441607806	0.0
2.4973630723288456	0.9101822885448483	0.0
2.3985148789848436	4.186673425369299	0.0
2.4858836324527367	3.1071890460798794	0.0
1.5835100663209698	-1.8431550535441084	1.0
1.5096292895901087	5.934111640606483	1.0
0.21313204740108682	-1.9891738840936921	1.0
0.24723103471239516	1.8920291104424714	0.0
0.05263432164600634	-2.5470586156838118	1.0
2.5576724692305963	3.1188012775185756	0.0
1.25991224262678	-2.4888822899803458	1.0
0.5565291417098963	0.3227922452565608	0.0
0.6326580643593879	0.48134022232191537	0.0
0.7958507362016466	-1.8996318427025958	1.0
0.7942568111754161	-2.432638056355128	1.0
0.5480570231010244	-1.5583807383221742	1.0
0.7573733447738185	-2.10052403791512	1.0
2.540033716009238	3.572148138044588	0.0
1.0590340462502916	6.277566012739172	1.0
0.3578983616690813	-1.548846749666891	0.0
2.4814572110613784	-1.4501742347921796	0.0
2.4574458181030914	1.9978603466361347	0.0
1.4247093190449982	5.915808420859195	1.0
0.5157795926624827	1.116440921975029	0.0
0.2598665628108857	-1.8978322463454922	1.0
1.8265237460604633	-2.510195231023611	1.0
1.5205636379640617	5.718574701381938	1.0
0.5042639352128082	0.904948414438792	0.0
0.8045098380988651	-2.177969018042142	1.0
2.4525664971276147	3.5200517902552217	0.0
2.440889457460252	3.0618395940297494	0.0
1.6368751863412938	-2.5001303102750536	1.0
1.6612051720368468	5.958991871452012	1.0
0.5064501616157105	6.078830282227898	1.0
0.899667150064508	6.013368308070172	1.0
0.6342782802431896	-2.349438423230367	1.0
1.0146642913328796	5.786934738208032	1.0
2.4752007729875185	5.043674812154305	0.0
2.0096267910738894	5.780755668165781	1.0
0.655616887576457	-0.08718959090990153	0.0
1.3028826471922472	6.074692488132511	1.0
2.206238143506882	-2.6606617235518892	1.0
2.409693006956577	4.314858239984799	0.0
0.4916294533187229	-0.38157398937161535	0.0
1.0752216838352628	-1.931716660560648	1.0
2.450875980500119	4.201167768459553	0.0
2.5745512592840147	1.306470791557621	0.0
2.450771116544377	0.2905429857885573	0.0
0.30578770373204833	-2.3697977916832875	1.0
1.3604189070906831	-2.269873360860039	1.0
0.5626733703819705	1.6854774628169351	0.0
1.2912912389599802	-2.00980818011936	1.0
2.5353537083111863	4.947711271878517	0.0
2.5528868752402363	1.8712233677471855	0.0
0.592404018290008	-1.2694478753249974	0.0
0.7839950523246113	5.844926983600362	1.0
0.5887851490128264	1.2082200248361703	0.0
0.31766832640862475	-2.30423946935097	1.0
1.336915328919432	-2.3674726082880837	1.0
1.4700986359434989	5.563187868870926	1.0
0.6049171114639617	-2.088861193824232	1.0
0.6287816722936342	0.9113140953096174	0.0
1.5612250928013565	6.325357733407721	1.0
0.19932343100194494	-2.2161910208327145	1.0
2.490883415050871	2.3028803703202048	0.0
1.4749772709716225	-2.3521777808784092	1.0
2.5541084341185414	5.9678007705118645	1.0
2.527112866131749	0.6923995867285027	0.0
0.6516134319139661	-2.442797655792286	1.0
2.4463164081252677	3.9447546433958065	0.0
0.8801491541295879	-2.2791001325735833	1.0
0.7984270490298273	-2.362176069346444	1.0
0.5462061417310926	-2.5567482682750784	1.0
1.11357480192154	-1.9027166733492629	1.0
2.622371794424476	1.1483508734282137	0.0
1.0643343525056623	6.0895898235844355	1.0
1.6111517155764528	6.140911989496725	1.0
1.6025325767328606	-2.4396777673816743	1.0
0.31934003736627936	-1.1747014904729594	0.0
2.54256146469241	4.844177521269948	0.0
1.125081292503286	-2.3164075684338497	1.0
1.346343325995241	5.931956635404469	1.0
2.4656306135612045	4.978291592901082	0.0
2.460558003809786	3.2994977489299746	0.0
0.07157233777801597	-2.125974949391556	1.0
0.42034900269080244	-0.21876519826012475	0.0
0.46894718994611456	-1.223206532279759	0.0
1.5841352574901455	6.1834771935926165	1.0
2.2181193903813505	5.991306245804579	1.0
1.150131238173555	6.06182520848861	1.0
2.098308714834145	5.999852874573244	1.0
0.4482939066304137	-0.2960150708929066	0.0
0.6684795809927846	-2.3250084903141586	1.0
0.5374115179668848	1.1197465852128148	0.0
2.4835662946519883	2.8580700853242287	0.0
1.9193452746424833	6.016527862200656	1.0
0.5942715136470827	-2.534090039608475	1.0
0.6671977630210622	-0.38026758865705745	0.0
2.253659491868928	5.67827919911776	1.0
1.9569227007682997	5.877787191879282	1.0
1.5264331471399855	5.889316231828652	1.0
1.8729934204191285	5.979665129101248	1.0
0.63166284667411	-2.183431014985128	0.0
2.5796105927574198	3.436763941558273	0.0
0.6407937383155226	-2.066375383932021	1.0
0.06819478006995383	-2.5988773261977705	1.0
1.6092803628879848	6.022414973716037	1.0
1.5172159445723037	6.077623231487798	1.0
2.502148259456521	5.3878831503207	0.0
1.6117431440153414	5.4761615305763485	1.0
2.5166993153143893	3.7118055865762436	0.0
0.3237133321259362	6.338285676964212	1.0
2.5174531863864273	4.7009956445419	0.0
0.6821078767494587	0.9152902475660494	0.0
0.6716059492286777	-1.8263483985961666	1.0
2.481467723080771	3.5818188896394547	0.0
0.491236022216697	-0.4770936517706801	0.0
1.6170573489299496	6.181544520733917	1.0
0.4548786547419797	-0.6556304226680745	0.0
0.4032945680654994	-0.30639855999123744	0.0
1.8791967227307702	6.284255495404816	1.0
2.5358444682742776	-0.8669539943751796	0.0
0.49486348489269694	1.8112606223229473	0.0
2.467314458180366	3.4094868637269578	0.0
1.118035213467129	5.6715512026055395	1.0
2.6422302129225983	1.3046488606469677	0.0
2.4338701528946634	2.37755921490899	0.0
0.7764459539346861	-2.316224520606899	1.0
0.23738181158334204	0.9164586371531722	0.0
1.7971509106030261	6.18860154616519	1.0
2.4650102470446944	0.5545244972185839	0.0
1.068312083024708	-2.2462065318296283	1.0
1.6434171508945083	6.114273481417095	1.0
0.5979340088120738	1.4812613423601098	0.0
0.41025707659760347	5.67299556037691	1.0
1.3498448351775456	6.00325885428437	1.0
0.41217878761558346	-0.19265439577379906	0.0
0.6360982617292116	0.11211193194444735	0.0
0.5033894010388825	-1.1645846365375223	0.0
0.9616066450764349	6.025743763824075	1.0
0.7154444252529234	0.39333630890845334	0.0
1.2096297633412858	-2.113625296402021	1.0
1.1106685487808217	6.168190196941339	1.0
2.2104429507524084	6.448020145632601	1.0
0.5734049291507477	0.24600589235998116	0.0
0.51395280754831	-2.238602686166254	0.0
0.2066098358379279	-2.335501367082306	1.0
2.5175911060776235	1.9912108428868263	0.0
2.4371158073094668	6.41235994080551	0.0
2.4650347982158287	-1.0580414946837267	0.0
0.863336741535992	-1.9611177637421549	1.0
0.059900042497025074	-2.672028284229133	1.0
0.5027842142277411	-0.21676677908415232	0.0
1.8967701730092228	5.994056430131702	1.0
0.5050098094533807	1.9102745065723803	0.0
2.5612294091496133	5.66647288469783	1.0
2.45000890735587	-1.0561002585735606	0.0
0.5877650231715077	-0.20709177492403852	0.0
0.6621933481166393	2.049497312790485	0.0
2.512818835385181	2.9354555336677	0.0
0.4078076930259237	1.7765985961179989	0.0
1.019940355379556	6.09616135246425	1.0
0.6300586830993671	1.005375780692112	0.0
0.2799262022243709	0.5924404697594818	0.0
1.1257609540844158	-2.2572087666707286	1.0
-0.4511487295304897	-2.4021812570766174	1.0
0.5442752516473862	0.03149310881047124	0.0
0.5571751402881954	0.5747982744288327	0.0
1.5267229056405751	6.12670837830555	1.0
1.0507286054327782	-2.4905797978009283	1.0
1.3362078349659041	-2.1376825685172274	1.0
0.5700170813126886	-1.4183521464941324	0.0
1.3834292670900625	-2.6814887751925935	1.0
1.561207082786989	-2.197736606216266	1.0
0.48051022851216507	0.38228709102921166	0.0
1.866896156331518	6.316133116984955	1.0
0.5294549402412512	0.9325115468956555	0.0
2.188145328963804	5.943560446654123	1.0
2.4142630170250037	2.5400648888506563	0.0
